21 21
1.10573e-12 1.18877e-11 9.95345e-11 6.49046e-10 3.29613e-09 1.30364e-08 4.01551e-08 9.6327e-08 1.79963e-07 2.61844e-07 2.96708e-07 2.96708e-07 2.61844e-07 1.79963e-07 9.6327e-08 4.01551e-08 1.30364e-08 3.29613e-09 6.49046e-10 9.95345e-11 1.18877e-11 
1.18877e-11 1.27805e-10 1.0701e-09 6.9779e-09 3.54367e-08 1.40155e-07 4.31708e-07 1.03561e-06 1.93478e-06 2.81509e-06 3.18991e-06 3.18991e-06 2.81509e-06 1.93478e-06 1.03561e-06 4.31708e-07 1.40155e-07 3.54367e-08 6.9779e-09 1.0701e-09 1.27805e-10 
9.95345e-11 1.0701e-09 8.95981e-09 5.84253e-08 2.96708e-07 1.1735e-06 3.61464e-06 8.67108e-06 1.61997e-05 2.35704e-05 2.67088e-05 2.67088e-05 2.35704e-05 1.61997e-05 8.67108e-06 3.61464e-06 1.1735e-06 2.96708e-07 5.84253e-08 8.95981e-09 1.0701e-09 
6.49046e-10 6.9779e-09 5.84253e-08 3.80981e-07 1.93478e-06 7.6522e-06 2.35704e-05 5.65425e-05 0.000105635 0.000153699 0.000174163 0.000174163 0.000153699 0.000105635 5.65425e-05 2.35704e-05 7.6522e-06 1.93478e-06 3.80981e-07 5.84253e-08 6.9779e-09 
3.29613e-09 3.54367e-08 2.96708e-07 1.93478e-06 9.82562e-06 3.88611e-05 0.000119701 0.000287147 0.000536461 0.000780546 0.000884474 0.000884474 0.000780546 0.000536461 0.000287147 0.000119701 3.88611e-05 9.82562e-06 1.93478e-06 2.96708e-07 3.54367e-08 
1.30364e-08 1.40155e-07 1.1735e-06 7.6522e-06 3.88611e-05 0.000153699 0.000473425 0.00113569 0.00212174 0.00308712 0.00349816 0.00349816 0.00308712 0.00212174 0.00113569 0.000473425 0.000153699 3.88611e-05 7.6522e-06 1.1735e-06 1.40155e-07 
4.01551e-08 4.31708e-07 3.61464e-06 2.35704e-05 0.000119701 0.000473425 0.00145825 0.00349816 0.00653543 0.00950899 0.0107751 0.0107751 0.00950899 0.00653543 0.00349816 0.00145825 0.000473425 0.000119701 2.35704e-05 3.61464e-06 4.31708e-07 
9.6327e-08 1.03561e-06 8.67108e-06 5.65425e-05 0.000287147 0.00113569 0.00349816 0.00839166 0.0156777 0.0228109 0.0258481 0.0258481 0.0228109 0.0156777 0.00839166 0.00349816 0.00113569 0.000287147 5.65425e-05 8.67108e-06 1.03561e-06 
1.79963e-07 1.93478e-06 1.61997e-05 0.000105635 0.000536461 0.00212174 0.00653543 0.0156777 0.0292898 0.0426164 0.0482907 0.0482907 0.0426164 0.0292898 0.0156777 0.00653543 0.00212174 0.000536461 0.000105635 1.61997e-05 1.93478e-06 
2.61844e-07 2.81509e-06 2.35704e-05 0.000153699 0.000780546 0.00308712 0.00950899 0.0228109 0.0426164 0.0620064 0.0702625 0.0702625 0.0620064 0.0426164 0.0228109 0.00950899 0.00308712 0.000780546 0.000153699 2.35704e-05 2.81509e-06 
2.96708e-07 3.18991e-06 2.67088e-05 0.000174163 0.000884474 0.00349816 0.0107751 0.0258481 0.0482907 0.0702625 0.0796178 0.0796178 0.0702625 0.0482907 0.0258481 0.0107751 0.00349816 0.000884474 0.000174163 2.67088e-05 3.18991e-06 
2.96708e-07 3.18991e-06 2.67088e-05 0.000174163 0.000884474 0.00349816 0.0107751 0.0258481 0.0482907 0.0702625 0.0796178 0.0796178 0.0702625 0.0482907 0.0258481 0.0107751 0.00349816 0.000884474 0.000174163 2.67088e-05 3.18991e-06 
2.61844e-07 2.81509e-06 2.35704e-05 0.000153699 0.000780546 0.00308712 0.00950899 0.0228109 0.0426164 0.0620064 0.0702625 0.0702625 0.0620064 0.0426164 0.0228109 0.00950899 0.00308712 0.000780546 0.000153699 2.35704e-05 2.81509e-06 
1.79963e-07 1.93478e-06 1.61997e-05 0.000105635 0.000536461 0.00212174 0.00653543 0.0156777 0.0292898 0.0426164 0.0482907 0.0482907 0.0426164 0.0292898 0.0156777 0.00653543 0.00212174 0.000536461 0.000105635 1.61997e-05 1.93478e-06 
9.6327e-08 1.03561e-06 8.67108e-06 5.65425e-05 0.000287147 0.00113569 0.00349816 0.00839166 0.0156777 0.0228109 0.0258481 0.0258481 0.0228109 0.0156777 0.00839166 0.00349816 0.00113569 0.000287147 5.65425e-05 8.67108e-06 1.03561e-06 
4.01551e-08 4.31708e-07 3.61464e-06 2.35704e-05 0.000119701 0.000473425 0.00145825 0.00349816 0.00653543 0.00950899 0.0107751 0.0107751 0.00950899 0.00653543 0.00349816 0.00145825 0.000473425 0.000119701 2.35704e-05 3.61464e-06 4.31708e-07 
1.30364e-08 1.40155e-07 1.1735e-06 7.6522e-06 3.88611e-05 0.000153699 0.000473425 0.00113569 0.00212174 0.00308712 0.00349816 0.00349816 0.00308712 0.00212174 0.00113569 0.000473425 0.000153699 3.88611e-05 7.6522e-06 1.1735e-06 1.40155e-07 
3.29613e-09 3.54367e-08 2.96708e-07 1.93478e-06 9.82562e-06 3.88611e-05 0.000119701 0.000287147 0.000536461 0.000780546 0.000884474 0.000884474 0.000780546 0.000536461 0.000287147 0.000119701 3.88611e-05 9.82562e-06 1.93478e-06 2.96708e-07 3.54367e-08 
6.49046e-10 6.9779e-09 5.84253e-08 3.80981e-07 1.93478e-06 7.6522e-06 2.35704e-05 5.65425e-05 0.000105635 0.000153699 0.000174163 0.000174163 0.000153699 0.000105635 5.65425e-05 2.35704e-05 7.6522e-06 1.93478e-06 3.80981e-07 5.84253e-08 6.9779e-09 
9.95345e-11 1.0701e-09 8.95981e-09 5.84253e-08 2.96708e-07 1.1735e-06 3.61464e-06 8.67108e-06 1.61997e-05 2.35704e-05 2.67088e-05 2.67088e-05 2.35704e-05 1.61997e-05 8.67108e-06 3.61464e-06 1.1735e-06 2.96708e-07 5.84253e-08 8.95981e-09 1.0701e-09 
1.18877e-11 1.27805e-10 1.0701e-09 6.9779e-09 3.54367e-08 1.40155e-07 4.31708e-07 1.03561e-06 1.93478e-06 2.81509e-06 3.18991e-06 3.18991e-06 2.81509e-06 1.93478e-06 1.03561e-06 4.31708e-07 1.40155e-07 3.54367e-08 6.9779e-09 1.0701e-09 1.27805e-10 
