11 11
0.00106039 0.0010606 0.00106077 0.00106089 0.00106096 0.00106098 0.00106098 0.00106096 0.00106089 0.00106077 0.0010606 
0.0010606 0.00106082 0.00106098 0.0010611 0.00106117 0.00106119 0.00106119 0.00106117 0.0010611 0.00106098 0.00106082 
0.00106077 0.00106098 0.00106115 0.00106126 0.00106134 0.00106136 0.00106136 0.00106134 0.00106126 0.00106115 0.00106098 
0.00106089 0.0010611 0.00106126 0.00106138 0.00106145 0.00106148 0.00106148 0.00106145 0.00106138 0.00106126 0.0010611 
0.00106096 0.00106117 0.00106134 0.00106145 0.00106152 0.00106155 0.00106155 0.00106152 0.00106145 0.00106134 0.00106117 
0.00106098 0.00106119 0.00106136 0.00106148 0.00106155 0.00106157 0.00106157 0.00106155 0.00106148 0.00106136 0.00106119 
0.00106098 0.00106119 0.00106136 0.00106148 0.00106155 0.00106157 0.00106157 0.00106155 0.00106148 0.00106136 0.00106119 
0.00106096 0.00106117 0.00106134 0.00106145 0.00106152 0.00106155 0.00106155 0.00106152 0.00106145 0.00106134 0.00106117 
0.00106089 0.0010611 0.00106126 0.00106138 0.00106145 0.00106148 0.00106148 0.00106145 0.00106138 0.00106126 0.0010611 
0.00106077 0.00106098 0.00106115 0.00106126 0.00106134 0.00106136 0.00106136 0.00106134 0.00106126 0.00106115 0.00106098 
0.0010606 0.00106082 0.00106098 0.0010611 0.00106117 0.00106119 0.00106119 0.00106117 0.0010611 0.00106098 0.00106082 
