11 11
0.00315302 0.00315871 0.00316313 0.0031663 0.0031682 0.00316883 0.00316883 0.0031682 0.0031663 0.00316313 0.00315871 
0.00315871 0.0031644 0.00316883 0.003172 0.0031739 0.00317454 0.00317454 0.0031739 0.003172 0.00316883 0.0031644 
0.00316313 0.00316883 0.00317327 0.00317644 0.00317835 0.00317899 0.00317899 0.00317835 0.00317644 0.00317327 0.00316883 
0.0031663 0.003172 0.00317644 0.00317962 0.00318153 0.00318217 0.00318217 0.00318153 0.00317962 0.00317644 0.003172 
0.0031682 0.0031739 0.00317835 0.00318153 0.00318344 0.00318408 0.00318408 0.00318344 0.00318153 0.00317835 0.0031739 
0.00316883 0.00317454 0.00317899 0.00318217 0.00318408 0.00318471 0.00318471 0.00318408 0.00318217 0.00317899 0.00317454 
0.00316883 0.00317454 0.00317899 0.00318217 0.00318408 0.00318471 0.00318471 0.00318408 0.00318217 0.00317899 0.00317454 
0.0031682 0.0031739 0.00317835 0.00318153 0.00318344 0.00318408 0.00318408 0.00318344 0.00318153 0.00317835 0.0031739 
0.0031663 0.003172 0.00317644 0.00317962 0.00318153 0.00318217 0.00318217 0.00318153 0.00317962 0.00317644 0.003172 
0.00316313 0.00316883 0.00317327 0.00317644 0.00317835 0.00317899 0.00317899 0.00317835 0.00317644 0.00317327 0.00316883 
0.00315871 0.0031644 0.00316883 0.003172 0.0031739 0.00317454 0.00317454 0.0031739 0.003172 0.00316883 0.0031644 
